1 24 10
1 10 3
1 7 5
1 25 4
1 22 2
1 21 14
1 4 27
1 30 19
1 28 21
1 13 28
1 3 30
1 2 7
1 28 23
1 11 7
1 23 19
1 3 15
1 5 30
1 15 14
1 29 6
1 6 17
1 12 25
1 4 9
1 17 10
1 19 9
1 6 14
1 24 13
1 22 15
1 11 5
1 23 27
1 29 13
1 24 27
1 22 29
1 9 12
1 8 25
1 16 20
1 17 26
1 2 8
1 12 26
1 11 16
1 16 26
2 1 19
2 24 27
2 1 12
2 14 30
2 8 20
2 5 10
2 14 22
2 23 30
2 7 30
2 14 16
2 1 20
2 23 24
2 7 27
2 12 27
2 12 26
2 15 28
2 24 26
2 6 21
2 9 19
2 10 23
2 11 19
2 16 29
2 22 28
2 4 17
2 5 15
2 11 26
2 6 20
2 11 25
2 8 15
2 16 28
2 17 22
2 17 29
2 7 10
2 4 5
2 3 29
2 4 13
2 9 18
2 21 25
2 3 18
2 3 6
3 2 27
3 10 20
3 17 28
3 13 14
3 1 14
3 4 7
3 21 24
3 7 23
3 16 18
3 9 16
3 2 12
3 20 26
3 7 26
3 4 21
3 1 19
3 6 15
3 15 24
3 6 8
3 9 24
3 6 22
3 2 16
3 12 23
3 12 22
3 18 28
3 21 25
3 5 23
3 11 25
3 9 29
3 27 28
3 14 20
3 8 15
3 5 13
3 25 27
3 22 29
3 10 13
3 10 18
3 26 30
3 11 29
3 5 17
3 8 19
4 13 17
4 10 30
4 26 27
4 9 17
4 12 20
4 9 24
4 5 18
4 17 26
4 8 9
4 22 28
4 10 12
4 1 7
4 3 15
4 18 27
4 20 24
4 2 7
4 6 10
4 19 29
4 13 25
4 16 28
4 3 14
4 2 19
4 2 11
4 5 8
4 11 16
4 12 13
4 22 24
4 20 21
4 3 30
4 1 14
4 15 18
4 5 25
4 27 29
4 21 29
4 21 28
4 6 30
4 11 15
4 22 26
4 8 14
4 7 16
5 2 22
5 19 20
5 6 14
5 3 23
5 9 18
5 16 23
5 13 16
5 1 15
5 4 20
5 18 30
5 7 23
5 11 18
5 10 27
5 17 30
5 7 26
5 4 24
5 13 22
5 27 30
5 2 24
5 6 11
5 4 26
5 13 25
5 12 26
5 9 12
5 3 29
5 1 29
5 12 14
5 1 24
5 14 28
5 9 15
5 6 20
5 16 27
5 10 11
5 2 28
5 3 17
5 7 19
5 17 21
5 8 21
5 8 29
5 10 19
6 22 28
6 2 21
6 14 29
6 3 25
6 7 8
6 4 12
6 14 15
6 13 26
6 8 13
6 2 7
6 9 15
6 10 14
6 9 16
6 5 27
6 24 27
6 22 26
6 5 28
6 7 21
6 15 19
6 20 29
6 5 26
6 8 21
6 1 4
6 16 27
6 16 29
6 11 30
6 3 12
6 3 30
6 11 12
6 4 19
6 18 22
6 20 23
6 11 18
6 25 28
6 9 13
6 2 23
6 10 25
6 10 20
6 17 23
6 18 30
7 6 14
7 2 17
7 16 22
7 6 18
7 6 24
7 3 27
7 13 29
7 4 10
7 3 8
7 23 29
7 4 22
7 5 8
7 8 22
7 14 30
7 12 13
7 28 29
7 14 17
7 1 30
7 17 30
7 19 24
7 20 23
7 18 27
7 2 11
7 4 16
7 13 16
7 10 12
7 5 11
7 26 28
7 10 18
7 9 11
7 24 26
7 3 5
7 19 20
7 15 20
7 9 15
7 1 21
7 2 23
7 12 26
7 27 28
7 19 21
8 10 14
8 4 18
8 2 3
8 4 25
8 3 6
8 14 30
8 2 19
8 21 24
8 23 28
8 14 26
8 12 26
8 13 18
8 6 23
8 13 15
8 19 25
8 5 30
8 12 17
8 9 19
8 5 9
8 12 22
8 4 13
8 1 3
8 2 27
8 17 18
8 23 24
8 6 16
8 11 21
8 9 29
8 16 27
8 1 30
8 20 24
8 25 29
8 5 21
8 7 27
8 16 28
8 1 10
8 11 26
8 22 28
8 11 15
8 10 15
9 23 28
9 12 21
9 22 26
9 3 25
9 2 20
9 3 28
9 2 15
9 11 14
9 5 27
9 3 16
9 4 26
9 22 29
9 17 27
9 15 26
9 19 30
9 12 28
9 16 30
9 8 29
9 8 30
9 10 18
9 4 18
9 10 19
9 5 11
9 13 24
9 13 21
9 11 21
9 15 22
9 1 10
9 2 12
9 5 19
9 6 7
9 6 27
9 16 18
9 1 20
9 8 17
9 7 13
9 7 25
9 17 23
9 14 23
9 1 29
10 28 29
10 4 7
10 1 14
10 15 17
10 3 4
10 11 14
10 9 16
10 16 20
10 12 18
10 13 26
10 12 27
10 5 29
10 11 21
10 17 23
10 15 23
10 7 14
10 24 30
10 17 20
10 6 13
10 7 20
10 4 23
10 2 29
10 1 21
10 2 5
10 3 9
10 15 16
10 11 24
10 1 27
10 9 18
10 12 19
10 6 24
10 3 18
10 25 28
10 19 27
10 2 30
10 19 21
10 6 22
10 8 28
10 5 25
10 26 30
11 13 30
11 19 21
11 8 26
11 10 22
11 8 12
11 16 23
11 28 29
11 16 27
11 6 22
11 20 25
11 3 13
11 4 21
11 3 21
11 8 19
11 15 22
11 3 30
11 14 20
11 6 17
11 5 10
11 1 9
11 2 30
11 13 26
11 9 12
11 19 27
11 24 27
11 12 14
11 10 24
11 1 29
11 14 15
11 7 18
11 15 16
11 18 23
11 18 29
11 9 23
11 6 25
11 4 5
11 17 28
11 2 5
11 7 26
11 4 28
12 9 10
12 14 27
12 1 26
12 5 20
12 3 29
12 26 28
12 10 21
12 5 19
12 15 16
12 14 25
12 20 30
12 6 21
12 9 14
12 16 26
12 8 15
12 8 11
12 19 25
12 21 23
12 11 30
12 5 15
12 8 20
12 9 11
12 3 24
12 17 18
12 18 23
12 7 25
12 13 16
12 4 22
12 4 24
12 6 27
12 4 18
12 3 28
12 23 29
12 1 7
12 1 10
12 7 22
12 19 29
12 22 24
12 27 30
12 6 13
13 3 23
13 4 16
13 7 11
13 6 12
13 3 18
13 7 29
13 21 29
13 5 30
13 14 15
13 14 28
13 2 4
13 7 27
13 3 6
13 11 14
13 23 24
13 18 30
13 19 20
13 10 16
13 22 25
13 21 28
13 15 30
13 20 25
13 4 29
13 12 20
13 5 15
13 9 10
13 6 24
13 5 10
13 12 25
13 22 28
13 1 26
13 8 26
13 11 22
13 8 9
13 1 19
13 8 16
13 2 18
13 9 23
13 21 24
13 17 27
13 1 27
14 3 11
14 23 26
14 15 18
14 3 17
14 15 20
14 20 25
14 2 23
14 2 20
14 18 29
14 3 23
14 1 24
14 7 30
14 11 27
14 19 27
14 9 21
14 5 17
14 8 10
14 2 25
14 8 17
14 26 28
14 21 26
14 11 30
14 27 30
14 15 25
14 18 21
14 8 16
14 7 24
14 12 16
14 12 22
14 1 28
14 1 5
14 5 10
14 9 12
14 4 7
14 10 28
14 24 29
14 19 22
14 6 9
14 19 29
14 13 22
14 13 16
15 16 23
15 6 10
15 8 30
15 6 27
15 10 11
15 6 23
15 4 8
15 10 14
15 8 26
15 18 29
15 2 19
15 22 24
15 12 21
15 27 29
15 12 28
15 21 26
15 3 23
15 13 28
15 3 25
15 2 13
15 2 11
15 1 22
15 17 21
15 26 29
15 11 20
15 13 24
15 7 30
15 7 19
15 18 19
15 18 25
15 16 27
15 5 24
15 16 20
15 3 17
15 1 14
15 5 12
15 14 28
15 4 25
15 22 30
15 1 4
15 5 9
16 12 19
16 9 20
16 26 28
16 4 14
16 4 8
16 1 30
16 23 26
16 5 10
16 14 18
16 13 17
16 4 30
16 25 29
16 22 25
16 11 26
16 21 27
16 7 24
16 21 28
16 7 13
16 6 12
16 17 24
16 8 13
16 18 24
16 11 28
16 19 23
16 1 2
16 7 25
16 12 14
16 2 10
16 20 29
16 15 22
16 1 6
16 19 27
16 15 18
16 17 22
16 8 11
16 9 15
16 2 20
16 23 30
16 3 9
16 10 21
16 5 27
17 8 21
17 11 14
17 6 14
17 13 18
17 23 24
17 7 19
17 1 22
17 21 27
17 6 28
17 13 21
17 3 4
17 9 15
17 2 30
17 3 10
17 2 5
17 7 20
17 5 25
17 3 22
17 14 29
17 4 7
17 16 18
17 20 30
17 11 15
17 9 30
17 8 18
17 12 20
17 8 13
17 25 27
17 24 28
17 9 27
17 10 28
17 5 23
17 4 11
17 24 26
17 1 25
17 12 16
17 10 15
17 12 22
17 19 26
17 6 23
17 1 2
18 15 24
18 7 9
18 2 10
18 4 21
18 13 22
18 5 11
18 9 29
18 16 19
18 5 29
18 16 30
18 26 30
18 21 22
18 20 30
18 15 27
18 23 29
18 1 15
18 2 6
18 16 23
18 20 23
18 22 27
18 7 10
18 1 17
18 12 21
18 7 12
18 6 26
18 14 25
18 9 17
18 19 26
18 14 17
18 5 25
18 11 14
18 2 3
18 3 25
18 1 28
18 20 27
18 3 28
18 10 11
18 19 24
18 6 24
18 8 12
18 13 28
19 12 26
19 6 30
19 11 17
19 4 24
19 10 15
19 4 22
19 8 29
19 9 29
19 18 25
19 3 26
19 6 15
19 11 18
19 10 25
19 6 21
19 7 14
19 5 9
19 2 4
19 2 23
19 5 24
19 10 13
19 2 28
19 24 25
19 7 27
19 16 26
19 18 30
19 9 16
19 17 21
19 5 28
19 1 8
19 13 28
19 8 15
19 12 29
19 1 7
19 3 22
19 16 27
19 17 27
19 12 22
19 13 20
19 1 14
19 11 20
19 21 30
20 11 16
20 14 19
20 16 29
20 4 21
20 12 29
20 4 9
20 10 27
20 19 28
20 13 18
20 11 23
20 27 30
20 8 23
20 7 17
20 4 30
20 18 29
20 13 21
20 12 17
20 9 27
20 13 25
20 9 12
20 15 22
20 7 25
20 11 24
20 14 18
20 1 22
20 19 26
20 3 14
20 2 17
20 16 23
20 22 28
20 25 26
20 1 5
20 6 7
20 2 24
20 5 15
20 1 21
20 2 30
20 6 10
20 3 10
20 5 8
20 6 8
21 16 23
21 3 17
21 12 17
21 11 12
21 11 13
21 19 24
21 12 16
21 2 18
21 7 10
21 3 22
21 13 24
21 11 25
21 20 25
21 2 30
21 17 18
21 7 8
21 5 7
21 1 20
21 9 22
21 14 24
21 13 27
21 4 23
21 1 2
21 27 30
21 28 29
21 9 10
21 8 16
21 9 19
21 22 27
21 1 29
21 3 10
21 4 28
21 18 26
21 15 19
21 14 25
21 8 26
21 23 29
21 15 26
21 15 30
21 5 28
21 4 14
22 20 28
22 2 23
22 17 18
22 2 19
22 20 25
22 4 12
22 2 11
22 9 21
22 19 20
22 5 17
22 10 26
22 9 13
22 5 8
22 10 23
22 4 6
22 6 27
22 4 16
22 15 26
22 1 16
22 17 19
22 18 25
22 12 15
22 14 15
22 21 23
22 7 21
22 8 13
22 12 14
22 1 10
22 16 29
22 5 14
22 7 13
22 6 26
22 28 30
22 8 11
22 1 25
22 27 29
22 7 18
22 3 9
22 11 27
22 3 29
22 24 30
23 26 29
23 8 9
23 18 21
23 9 24
23 5 22
23 24 25
23 14 17
23 9 17
23 7 20
23 7 12
23 3 6
23 3 22
23 1 27
23 2 11
23 1 11
23 4 15
23 2 6
23 24 28
23 21 22
23 14 21
23 1 25
23 15 16
23 3 29
23 6 14
23 2 30
23 15 25
23 16 28
23 19 28
23 11 12
23 16 30
23 18 30
23 8 19
23 4 8
23 19 29
23 17 18
23 13 27
23 5 13
23 13 20
23 7 26
23 4 20
23 12 26
24 6 9
24 23 25
24 21 29
24 5 23
24 3 18
24 18 30
24 1 10
24 19 29
24 8 18
24 5 7
24 13 23
24 16 28
24 3 17
24 15 29
24 2 19
24 8 15
24 2 27
24 1 22
24 12 19
24 20 27
24 2 21
24 4 8
24 10 27
24 6 21
24 6 28
24 7 15
24 14 30
24 11 17
24 12 14
24 9 26
24 9 28
24 13 30
24 5 20
24 4 10
24 11 22
24 25 26
24 22 25
24 17 20
24 16 26
24 3 14
24 1 13
25 10 24
25 22 23
25 12 24
25 13 14
25 26 29
25 3 16
25 1 9
25 22 27
25 6 10
25 17 20
25 6 11
25 4 20
25 8 15
25 9 15
25 9 26
25 1 12
25 11 13
25 16 28
25 11 18
25 10 17
25 2 14
25 5 22
25 2 27
25 14 24
25 13 16
25 4 6
25 3 18
25 2 23
25 28 29
25 5 28
25 12 26
25 23 27
25 17 19
25 5 18
25 8 29
25 7 20
25 1 19
25 4 19
25 7 8
25 3 21
25 21 30
26 22 29
26 6 12
26 24 30
26 27 28
26 3 7
26 15 30
26 5 27
26 5 7
26 17 23
26 12 19
26 2 14
26 8 16
26 1 7
26 22 27
26 12 23
26 4 15
26 15 17
26 18 24
26 1 30
26 14 28
26 11 18
26 3 9
26 22 28
26 5 14
26 16 21
26 6 21
26 18 29
26 1 10
26 9 25
26 3 8
26 11 13
26 9 24
26 6 8
26 2 20
26 16 19
26 10 11
26 2 10
26 13 25
26 4 17
26 20 23
26 13 19
27 15 26
27 10 25
27 12 24
27 3 22
27 3 20
27 10 12
27 14 20
27 8 21
27 11 17
27 2 5
27 21 28
27 2 13
27 10 17
27 1 4
27 6 25
27 1 24
27 2 15
27 4 20
27 18 29
27 21 29
27 14 18
27 9 30
27 4 11
27 14 25
27 19 28
27 13 18
27 1 8
27 9 11
27 13 29
27 6 12
27 7 19
27 3 8
27 17 23
27 5 28
27 5 22
27 16 22
27 15 24
27 23 26
27 9 23
27 6 16
27 7 30
28 1 12
28 5 23
28 7 16
28 10 29
28 11 13
28 15 26
28 5 25
28 6 24
28 2 8
28 5 29
28 17 24
28 2 23
28 1 9
28 16 23
28 6 12
28 13 21
28 2 30
28 9 21
28 1 30
28 9 25
28 21 25
28 10 13
28 6 10
28 7 24
28 11 20
28 20 30
28 7 11
28 14 17
28 12 18
28 22 27
28 8 19
28 3 14
28 16 27
28 15 18
28 8 27
28 3 22
28 4 20
28 4 29
28 4 15
28 3 18
28 17 26
29 14 27
29 3 21
29 22 23
29 3 20
29 5 22
29 9 25
29 6 13
29 22 30
29 8 25
29 9 24
29 4 27
29 15 30
29 21 23
29 26 27
29 8 17
29 20 21
29 9 10
29 1 4
29 7 28
29 12 26
29 4 20
29 5 10
29 23 30
29 19 24
29 6 11
29 13 25
29 10 24
29 2 11
29 1 26
29 1 6
29 11 12
29 2 14
29 14 17
29 3 15
29 7 17
29 8 12
29 2 18
29 13 28
29 15 18
29 16 18
29 5 7
30 20 27
30 27 28
30 17 25
30 10 17
30 10 22
30 10 29
30 19 20
30 22 26
30 7 14
30 22 24
30 8 25
30 24 27
30 12 20
30 8 29
30 14 18
30 23 28
30 26 28
30 2 15
30 9 16
30 11 23
30 4 16
30 3 18
30 2 14
30 3 19
30 5 7
30 1 13
30 11 16
30 15 17
30 9 15
30 1 12
30 9 18
30 4 13
30 19 24
30 1 11
30 6 25
30 12 26
30 3 5
30 5 8
30 4 23
30 13 21
30 7 29
